study_hours,sleep_hours,attendance,final_score
2,5,60,45
3,6,65,50
4,6,70,55
5,7,75,62
6,7,80,68
7,8,85,75
8,8,90,82
9,9,95,90
10,9,98,96
2,5,55,42
3,5,60,48
4,6,68,57
5,6,72,60
6,7,78,65
7,7,82,70
8,8,88,79
9,8,92,85
10,9,96,93
11,9,99,98
2,4,58,40
3,5,62,46
4,5,65,52
5,6,70,58
6,6,75,63
7,7,80,72
8,7,85,76
9,8,90,83
10,8,94,89
11,9,97,94
2,6,52,44
3,6,64,51
4,6,69,56
5,7,73,61
6,7,79,67
7,8,83,73
8,8,87,78
9,9,91,86
10,9,95,92
12,8,99,99
2,5,57,43
3,5,61,47
4,6,67,54
5,6,71,59
6,7,77,64
7,7,81,69
8,8,86,77
9,8,89,84
10,9,93,91
11,10,98,97
1,4,50,35
2,5,59,41
3,6,63,49
4,6,66,53
5,7,74,60
6,7,76,66
7,8,84,74
8,8,88,80
9,9,92,87
10,9,96,94
2,5,56,39
3,5,60,45
4,6,68,55
5,6,72,58
6,7,78,62
7,7,82,71
8,8,85,75
9,8,90,82
10,9,94,90
11,9,97,95
2,4,54,38
3,5,62,46
4,5,65,51
5,6,70,57
6,6,74,61
7,7,79,68
8,7,83,73
9,8,88,81
10,8,92,88
11,9,96,93
2,6,53,42
3,6,61,48
4,6,67,54
5,7,69,59
6,7,77,65
7,8,80,70
8,8,84,76
9,9,89,84
10,9,93,91
12,8,98,98
2,5,58,40
3,5,64,47
4,6,66,52
5,6,71,56
6,7,75,63
7,7,81,69
8,8,86,74
9,8,91,83
10,9,95,89
11,10,99,96
